Webots Project File version R2025a
perspectives: 000000ff00000000fd0000000200000001000001c20000023bfc0200000001fb0000001400540065007800740045006400690074006f007201000000000000023b0000008b00ffffff00000003000005a00000012cfc0100000001fb0000001a0043006f006e0073006f006c00650041006c006c0041006c006c0100000000000005a00000008700ffffff000003dc0000023b00000001000000020000000100000008fc00000000
simulationViewPerspectives: 000000ff0000000100000002000000fc000002de0100000002010000000101
sceneTreePerspectives: 000000ff00000001000000030000001e000000c0000000fa0100000002010000000201
minimizedPerspectives: 000000ff00000000fd0000000200000001000001c20000030cfc0200000001fb0000001400540065007800740045006400690074006f007201000000000000030c0000008b00ffffff00000003000007c20000005bfc0100000001fb0000001a0043006f006e0073006f006c00650041006c006c0041006c006c0100000000000007c20000008700ffffff000005fe0000030c00000001000000020000000100000008fc00000000
maximizedDockId: 0
centralWidgetVisible: 1
projectionMode: PERSPECTIVE
renderingMode: PLAIN
orthographicViewHeight: 5.28151e+12
textFiles: 5 "controllers/main_controller/lost_detector.py" "controllers/main_controller/path_planner.py" "controllers/main_controller/plot_confidence.py" "controllers/main_controller/localisation.py" "worlds/maze_world.wbt" "controllers/main_controller/main_controller.py"
consoles: Console:All:All
renderingDevicePerspectives: e-puck:camera;1;0.820513;0;0
